max found 9.400199
  0	  1	+0.000	0
  1	  3	+0.913	1
  2	  2	-0.061	2
  3	253	+0.255	3
  4	253	-0.079	4
  5	  1	+0.060	5
  6	255	+0.137	6
  7	254	+0.091	7
  8	  3	+0.069	8
  9	  2	+0.097	9
 10	255	-0.112	10
 11	255	-0.142	11
 12	  0	+0.049	12
 13	  0	+0.016	13
 14	255	-0.008	14
 15	254	-0.077	15
 16	255	+0.176	16
 17	  1	-0.221	17
 18	  0	+0.089	18
 19	255	-0.070	19
 20	  0	+0.082	20
 21	  0	-0.100	21
 22	255	+0.202	22
 23	  1	+0.033	23
 24	  1	+0.038	24
 25	  0	-0.047	25
 26	255	-0.180	26
 27	254	-0.198	27
 28	253	+0.302	28
 29	255	-0.022	29
 30	  1	+0.198	30
 31	  2	-0.074	31
 32	  3	+0.033	32
 33	  1	-0.052	33
 34	255	+0.009	34
 35	  1	-0.100	35
 36	  0	+0.100	36
 37	254	-0.128	37
 38	254	-0.043	38
 39	254	-0.143	39
 40	254	+0.206	40
 41	  0	-0.023	41
 42	  0	+0.140	42
 43	  2	+0.128	43
 44	  3	-0.068	44
 45	  3	-0.118	45
 46	  1	-0.008	46
 47	255	-0.112	47
 48	254	-0.029	48
 49	255	+0.153	49
 50	255	+0.042	50
 51	255	-0.054	51
 52	  1	-0.139	52
 53	  2	-0.028	53
 54	255	-0.139	54
 55	  0	+0.037	55
 56	  1	+0.196	56
 57	255	-0.247	57
 58	255	-0.215	58
 59	  1	-0.101	59
 60	254	+0.008	60
 61	253	-0.065	61
 62	  0	+0.150	62
 63	  1	-0.035	63
 64	  1	+0.102	64
 65	  2	-0.094	65
 66	  2	+0.334	66
 67	  0	-0.035	67
 68	  1	+0.085	68
 69	254	-0.114	69
 70	252	+0.113	70
 71	255	-0.037	71
 72	255	+0.021	72
 73	  0	-0.140	73
 74	  3	-0.008	74
 75	  0	-0.091	75
 76	  0	+0.067	76
 77	  2	-0.026	77
 78	255	+0.139	78
 79	253	+0.025	79
 80	  1	-0.118	80
 81	  2	-0.078	81
 82	254	-0.124	82
 83	254	+0.048	83
 84	254	-0.076	84
 85	254	+0.042	85
 86	  2	-0.040	86
 87	  2	-0.170	87
 88	  2	+0.009	88
 89	  3	+0.033	89
 90	  0	-0.002	90
 91	254	+0.027	91
 92	255	+0.021	92
 93	255	-0.063	93
 94	255	+0.019	94
 95	  2	+0.030	95
 96	  1	-0.109	96
 97	  0	-0.143	97
 98	  1	-0.004	98
 99	  2	+0.057	99
100	  1	+0.065	100
101	  1	-0.055	101
102	  0	-0.120	102
103	253	+0.099	103
104	254	+0.160	104
105	255	+0.098	105
106	  0	-0.019	106
107	  1	-0.077	107
108	  3	-0.013	108
109	  2	+0.239	109
110	  1	+0.170	110
111	  0	-0.125	111
112	255	+0.005	112
113	255	-0.005	113
114	  0	-0.010	114
115	255	-0.158	115
116	254	+0.045	116
117	254	-0.016	117
118	  2	-0.134	118
119	  2	+0.190	119
120	  0	+0.161	120
121	  1	-0.172	121
122	  2	+0.241	122
123	254	-0.150	123
124	254	+0.065	124
125	  0	-0.131	125
126	255	-0.091	126
127	254	+0.190	127
128	  1	-0.230	128
129	  2	-0.182	129
130	  3	-0.081	130
131	  3	-0.017	131
132	  1	+0.098	132
133	255	+0.349	133
134	254	-0.093	134
135	  0	-0.079	135
136	254	+0.175	136
137	254	+0.132	137
138	  1	-0.000	138
139	  0	+0.018	139
140	  0	-0.093	140
141	  2	-0.108	141
142	  2	-0.127	142
143	  0	+0.182	143
144	  1	-0.045	144
145	  0	+0.219	145
146	254	+0.149	146
147	255	-0.235	147
148	254	-0.058	148
149	253	+0.421	149
150	255	+0.037	150
151	255	-0.035	151
152	  0	-0.052	152
153	  3	-0.044	153
154	  2	-0.244	154
155	  0	+0.162	155
156	  0	+0.118	156
157	  0	-0.411	157
158	254	+0.120	158
159	  0	+0.167	159
160	255	+0.276	160
161	255	-0.407	161
162	  2	-0.401	162
163	  2	+0.092	163
164	  0	+0.433	164
165	  1	+0.111	165
166	  0	+0.009	166
167	254	-0.091	167
168	  0	+0.013	168
169	  0	-0.427	169
170	253	+0.128	170
171	255	+0.044	171
172	  1	-0.166	172
173	255	-0.110	173
174	  0	-0.035	174
175	  2	+0.349	175
176	  3	-0.184	176
177	  1	-0.046	177
178	255	+0.181	178
179	254	-0.335	179
180	255	-0.099	180
181	254	-0.426	181
182	255	-0.187	182
183	255	-0.574	183
184	254	+0.420	184
185	  1	-0.776	185
186	  3	-1.000	186
187	  0	-0.011	187
188	  0	+0.073	188
189	  1	+0.821	189
190	255	+0.371	190
191	254	+0.230	191
192	255	+0.349	192
193	255	+0.196	193
194	  0	-0.092	194
195	  0	+0.076	195
196	255	+0.276	196
197	  1	-0.072	197
198	  0	+0.120	198
199	255	+0.088	199
200	  1	+0.264	200
201	  2	+0.138	201
202	254	+0.084	202
203	255	-0.079	203
204	  0	+0.076	204
205	255	-0.042	205
206	  1	-0.158	206
207	  3	+0.008	207
208	  1	+0.107	208
209	  2	+0.035	209
210	  3	+0.080	210
211	253	+0.183	211
212	255	+0.178	212
213	  0	-0.005	213
214	255	+0.069	214
215	  1	-0.061	215
216	  2	-0.215	216
217	  0	+0.213	217
218	  0	-0.266	218
219	  0	-0.087	219
220	255	+0.011	220
221	255	-0.234	221
222	  1	+0.273	222
223	255	-0.330	223
224	  1	+0.179	224
225	  1	-0.306	225
226	255	-0.008	226
227	  0	+0.059	227
228	  1	+0.191	228
229	  1	-0.049	229
230	  1	-0.036	230
231	255	+0.017	231
232	255	-0.140	232
233	  0	+0.166	233
234	255	+0.063	234
235	254	-0.067	235
236	255	-0.060	236
237	  1	+0.079	237
238	  2	-0.037	238
239	  2	-0.029	239
240	254	-0.058	240
241	255	+0.249	241
242	  2	+0.189	242
243	  0	-0.248	243
244	254	+0.047	244
245	255	-0.093	245
246	254	-0.027	246
247	254	+0.025	247
248	  3	+0.012	248
249	  1	-0.091	249
250	  2	+0.068	250
251	  4	+0.110	251
252	  2	-0.170	252
253	254	-0.195	253
254	255	+0.249	254
255	254	-0.254	255
256	254	+0.615	256
257	  0	-0.133	257
258	255	+0.309	258
259	255	-0.040	259
260	  2	+0.069	260
261	  0	-0.023	261
262	254	+0.074	262
263	  2	-0.336	263
264	  1	+0.078	264
265	  0	+0.291	265
266	  1	+0.050	266
267	254	-0.053	267
268	253	-0.322	268
269	254	+0.075	269
270	253	+0.006	270
271	  0	+0.028	271
272	  1	-0.039	272
273	  1	+0.073	273
274	  1	+0.050	274
275	  2	-0.449	275
276	255	+0.193	276
277	255	+0.023	277
278	  0	+0.086	278
279	255	+0.176	279
280	255	+0.006	280
281	  2	-0.042	281
282	  0	+0.173	282
283	255	-0.059	283
284	  0	+0.225	284
285	255	-0.142	285
286	255	+0.001	286
287	  1	+0.511	287
288	255	+0.196	288
289	  0	-0.165	289
290	  1	+0.338	290
291	255	-0.107	291
292	255	-0.102	292
293	  2	-0.310	293
294	  1	+0.116	294
295	  0	+0.101	295
296	  0	-0.032	296
297	254	+0.010	297
298	  0	-0.009	298
299	  1	-0.251	299
300	  0	-0.091	300
301	  0	-0.029	301
302	  1	-0.217	302
303	  0	+0.097	303
304	  0	+0.124	304
305	  1	-0.130	305
306	  0	+0.015	306
307	  0	+0.211	307
308	  0	+0.117	308
309	254	-0.005	309
310	255	+0.129	310
311	255	-0.112	311
312	  0	-0.061	312
313	  1	+0.059	313
314	  1	+0.055	314
315	  3	-0.010	315
316	  1	-0.083	316
317	  0	+0.077	317
318	  0	-0.239	318
319	  0	-0.207	319
320	254	+0.165	320
321	254	-0.087	321
322	255	-0.267	322
323	254	+0.063	323
324	255	-0.138	324
325	  0	-0.144	325
326	  1	-0.127	326
327	  1	-0.154	327
328	  3	+0.210	328
329	  1	+0.268	329
330	255	+0.011	330
331	254	+0.082	331
332	253	+0.025	332
333	254	+0.006	333
334	  0	+0.051	334
335	254	+0.068	335
336	255	-0.239	336
337	  2	+0.075	337
338	  1	+0.015	338
339	255	+0.011	339
340	  1	+0.027	340
341	  1	-0.016	341
342	  0	+0.234	342
343	  0	+0.015	343
344	255	+0.175	344
345	255	-0.126	345
346	  1	-0.099	346
347	  0	+0.060	347
348	  1	+0.124	348
349	  3	+0.113	349
350	  1	+0.096	350
351	  0	+0.059	351
352	  1	+0.055	352
353	254	-0.044	353
354	254	+0.027	354
355	  0	+0.157	355
356	255	+0.203	356
357	254	-0.082	357
358	  0	+0.128	358
359	  1	-0.086	359
360	  2	-0.070	360
361	  2	+0.141	361
362	  2	+0.025	362
363	  1	+0.416	363
364	  1	+0.077	364
365	255	+0.040	365
366	255	+0.145	366
367	255	+0.139	367
368	255	-0.058	368
369	255	+0.237	369
370	  1	-0.031	370
371	  0	+0.090	371
372	  0	+0.066	372
373	  1	+0.030	373
374	  0	-0.050	374
375	  0	-0.084	375
376	  0	-0.164	376
377	  1	-0.019	377
378	  3	+0.081	378
379	  3	+0.045	379
380	  0	+0.002	380
381	  0	-0.123	381
382	  0	+0.015	382
383	253	+0.027	383
384	255	-0.040	384
385	  1	-0.069	385
386	255	-0.100	386
387	  0	+0.076	387
388	  1	-0.079	388
389	254	+0.245	389
390	  0	-0.067	390
391	  3	-0.140	391
392	255	+0.068	392
393	  0	-0.068	393
394	  3	+0.008	394
395	254	+0.015	395
396	254	-0.170	396
397	  1	+0.129	397
398	254	-0.013	398
399	255	+0.100	399
400	  1	-0.072	400
401	  1	-0.121	401
402	  0	+0.104	402
403	  2	-0.052	403
404	  1	-0.036	404
405	254	+0.086	405
406	255	-0.055	406
407	  0	+0.134	407
408	254	+0.056	408
409	254	+0.025	409
410	255	-0.191	410
411	255	+0.110	411
412	  0	-0.033	412
413	  0	+0.092	413
414	  0	+0.173	414
415	  1	+0.259	415
416	  2	+0.072	416
417	  0	-0.002	417
418	  0	-0.117	418
419	  0	+0.033	419
420	255	+0.015	420
421	254	-0.235	421
422	254	-0.038	422
423	255	-0.027	423
424	  0	-0.095	424
425	  2	-0.015	425
426	  2	-0.006	426
427	  1	+0.099	427
428	  1	-0.126	428
429	255	-0.099	429
430	254	-0.009	430
431	254	-0.011	431
432	254	+0.179	432
433	254	+0.120	433
434	254	+0.225	434
435	  1	+0.008	435
436	  1	-0.261	436
437	  2	-0.142	437
438	  1	-0.189	438
439	  1	+0.029	439
440	  0	-0.049	440
441	  0	-0.017	441
442	255	-0.098	442
443	  0	+0.251	443
444	  0	-0.234	444
445	254	-0.059	445
446	254	-0.142	446
447	255	+0.086	447
448	255	-0.242	448
449	  1	+0.075	449
450	  1	-0.013	450
451	  0	-0.002	451
452	  0	-0.084	452
453	  1	-0.140	453
454	254	+0.099	454
455	  1	-0.243	455
456	  1	+0.058	456
457	254	+0.167	457
458	  0	+0.023	458
459	  2	+0.032	459
460	  0	+0.090	460
461	255	-0.143	461
462	  1	-0.031	462
463	254	+0.194	463
464	255	-0.161	464
465	  1	-0.054	465
466	255	+0.107	466
467	  0	+0.190	467
468	  4	-0.062	468
469	  0	+0.180	469
470	254	-0.098	470
471	  0	-0.158	471
472	  0	-0.080	472
473	255	-0.108	473
474	  2	+0.213	474
475	  0	+0.066	475
476	254	+0.040	476
477	255	-0.124	477
478	255	-0.268	478
479	  0	-0.048	479
480	  2	+0.081	480
481	  1	+0.061	481
482	  2	-0.060	482
483	  1	-0.073	483
484	254	+0.101	484
485	253	-0.215	485
486	  1	+0.160	486
487	254	+0.171	487
488	255	+0.050	488
489	  3	+0.075	489
490	255	+0.061	490
491	255	+0.275	491
492	  4	-0.056	492
493	  2	+0.196	493
494	  0	-0.171	494
495	  1	+0.051	495
496	  0	-0.002	496
497	253	-0.180	497
498	254	-0.058	498
499	254	+0.191	499
500	254	-0.115	500
501	  2	-0.010	501
502	  3	+0.090	502
503	  2	+0.133	503
504	  4	+0.041	504
505	  1	+0.239	505
506	  0	-0.141	506
507	254	-0.101	507
508	253	+0.032	508
509	254	-0.027	509
510	  1	+0.296	510
511	255	+0.104	511
512	253	-0.021	512
513	  1	+0.179	513
514	  2	+0.124	514
515	  1	-0.038	515
516	  4	+0.017	516
517	  1	+0.078	517
518	255	+0.083	518
519	  0	+0.076	519
520	  0	+0.037	520
521	253	+0.105	521
522	254	+0.221	522
523	  2	+0.065	523
524	255	+0.221	524
525	  0	+0.083	525
526	  4	-0.058	526
527	  1	+0.298	527
528	  1	+0.182	528
529	  2	+0.106	529
530	  1	-0.105	530
531	254	+0.275	531
532	  0	+0.048	532
533	  1	+0.165	533
534	255	-0.169	534
535	  0	+0.053	535
536	  2	-0.037	536
537	255	+0.276	537
538	  1	-0.114	538
539	  2	+0.061	539
540	255	+0.177	540
541	253	-0.078	541
542	  0	+0.072	542
543	  1	+0.133	543
544	  1	+0.110	544
545	  2	+0.010	545
546	255	+0.169	546
547	254	-0.160	547
548	  1	+0.227	548
549	255	-0.042	549
550	255	+0.008	550
551	  1	-0.155	551
552	  0	-0.036	552
553	255	+0.144	553
554	  1	+0.002	554
555	  3	+0.060	555
556	  0	-0.028	556
557	  2	-0.122	557
558	  3	-0.057	558
559	  0	+0.124	559
560	255	+0.081	560
561	255	+0.234	561
562	253	+0.106	562
563	254	+0.093	563
564	  0	+0.037	564
565	  1	+0.010	565
566	  2	+0.036	566
567	  1	+0.133	567
568	  2	-0.117	568
569	  0	+0.054	569
570	254	-0.063	570
571	  1	-0.087	571
572	  1	-0.158	572
573	253	-0.096	573
574	254	+0.076	574
575	255	-0.078	575
576	253	-0.072	576
577	254	-0.054	577
578	  1	-0.011	578
579	  0	-0.076	579
580	  3	-0.014	580
581	  4	-0.125	581
582	  0	-0.155	582
583	255	+0.108	583
584	  0	+0.102	584
585	254	-0.020	585
586	251	-0.128	586
587	  0	-0.143	587
588	  2	-0.044	588
589	  0	-0.149	589
590	  0	-0.163	590
591	  2	+0.227	591
592	255	+0.042	592
593	  1	+0.082	593
594	  4	+0.211	594
595	  1	+0.136	595
596	255	+0.282	596
597	  0	+0.039	597
598	252	+0.002	598
599	251	+0.267	599
600	255	+0.070	600
601	  1	+0.106	601
602	  1	-0.271	602
603	  1	-0.212	603
604	  0	+0.282	604
605	255	-0.224	605
606	  1	-0.008	606
607	  1	-0.067	607
608	  0	+0.050	608
609	255	+0.105	609
610	255	+0.141	610
611	253	-0.264	611
612	254	+0.205	612
613	255	-0.041	613
614	255	+0.093	614
615	  3	-0.086	615
616	  3	-0.181	616
617	255	-0.068	617
618	254	-0.128	618
619	254	-0.278	619
620	255	+0.052	620
621	  0	+0.199	621
622	  3	-0.048	622
623	  1	-0.259	623
624	  2	+0.224	624
625	  2	+0.229	625
626	254	+0.003	626
627	254	-0.081	627
628	  0	+0.095	628
629	255	-0.066	629
630	  0	-0.070	630
631	255	+0.111	631
632	255	+0.006	632
633	  1	-0.141	633
634	  1	-0.060	634
635	  0	+0.039	635
636	  1	+0.414	636
637	  2	-0.119	637
638	  1	-0.133	638
639	  1	+0.144	639
640	255	+0.041	640
641	254	-0.220	641
642	  0	+0.015	642
643	255	+0.092	643
644	254	+0.203	644
645	254	-0.027	645
646	254	+0.259	646
647	255	+0.133	647
648	  1	-0.049	648
649	  1	-0.200	649
650	  1	-0.035	650
651	  1	-0.231	651
652	254	+0.214	652
653	254	-0.402	653
654	  0	-0.093	654
655	253	-0.198	655
656	253	+0.023	656
657	  1	+0.137	657
658	255	-0.036	658
659	255	+0.020	659
660	  1	-0.124	660
661	  1	-0.511	661
662	  1	+0.318	662
663	  3	-0.268	663
664	  0	-0.229	664
665	254	-0.079	665
666	  0	+0.023	666
667	255	+0.312	667
668	254	-0.221	668
669	  0	-0.231	669
670	  0	+0.102	670
671	255	+0.484	671
672	  1	-0.174	672
673	  2	-0.160	673
674	  0	+0.134	674
675	  2	-0.060	675
676	  0	-0.012	676
677	255	+0.196	677
678	  0	-0.175	678
679	  1	-0.128	679
680	  0	-0.055	680
681	  1	-0.164	681
682	  1	-0.443	682
683	  2	+0.147	683
684	  2	-0.424	684
685	255	+0.036	685
686	253	-0.130	686
687	  0	+0.489	687
688	255	+0.062	688
689	255	+0.131	689
690	  1	-0.465	690
691	  3	-0.479	691
692	  1	-0.298	692
693	  1	+0.377	693
694	  1	-0.083	694
695	  0	+0.215	695
696	  0	+0.286	696
697	255	-0.134	697
698	255	-0.041	698
699	  0	+0.028	699
700	  0	-0.037	700
701	255	-0.070	701
702	255	+0.020	702
703	  0	-0.040	703
704	  1	+0.015	704
705	  1	+0.118	705
706	  3	+0.099	706
707	  1	+0.047	707
708	255	+0.110	708
709	255	+0.127	709
710	255	+0.032	710
711	255	+0.075	711
712	  0	-0.068	712
713	  0	+0.022	713
714	  2	-0.119	714
715	  2	+0.049	715
716	  0	+0.099	716
717	255	+0.079	717
718	  0	-0.112	718
719	255	+0.097	719
720	254	-0.069	720
721	255	-0.071	721
722	  2	+0.125	722
723	  1	-0.064	723
724	  1	+0.008	724
725	255	+0.003	725
726	254	+0.000	726
727	  1	-0.137	727
728	  2	-0.194	728
729	  1	+0.007	729
730	  2	+0.108	730
731	  0	+0.070	731
732	254	-0.013	732
733	255	-0.237	733
734	255	+0.058	734
735	254	+0.107	735
736	  1	-0.061	736
737	  2	+0.035	737
738	  0	-0.171	738
739	  1	-0.038	739
740	  1	+0.061	740
741	254	+0.027	741
742	255	+0.091	742
743	  0	+0.089	743
744	  0	-0.005	744
745	  0	+0.053	745
746	  0	-0.073	746
747	255	-0.085	747
748	  1	-0.053	748
749	  2	-0.038	749
750	  1	-0.029	750
751	  0	+0.184	751
752	254	-0.144	752
753	255	+0.030	753
754	255	-0.196	754
755	254	+0.003	755
756	  0	-0.065	756
757	  2	+0.067	757
758	  0	+0.127	758
759	  0	+0.094	759
760	  1	+0.014	760
761	  0	+0.020	761
762	255	+0.092	762
763	  0	-0.095	763
764	  1	+0.018	764
765	255	-0.035	765
766	255	+0.029	766
767	  0	+0.084	767
768	  0	+0.025	768
769	255	-0.062	769
770	  0	-0.114	770
771	  0	-0.042	771
772	255	-0.016	772
773	  0	+0.044	773
774	  1	+0.009	774
775	  0	-0.106	775
776	254	-0.068	776
777	  1	+0.055	777
778	  1	+0.100	778
779	  0	-0.020	779
780	  2	-0.023	780
781	  1	+0.000	781
782	252	-0.058	782
783	255	-0.200	783
784	  0	-0.167	784
785	255	-0.087	785
786	  0	-0.049	786
787	  0	-0.016	787
788	255	-0.127	788
789	255	+0.096	789
790	  1	-0.107	790
791	255	-0.048	791
792	  1	-0.100	792
793	  3	+0.083	793
794	  2	-0.097	794
795	  2	-0.058	795
796	  1	-0.018	796
797	253	+0.104	797
798	254	-0.205	798
799	255	-0.102	799
800	255	+0.021	800
801	  2	-0.037	801
802	  3	-0.150	802
803	255	+0.141	803
804	255	-0.066	804
805	  1	+0.065	805
806	254	-0.079	806
807	  1	-0.119	807
808	  4	-0.018	808
809	  1	-0.082	809
810	254	-0.011	810
811	  1	+0.071	811
812	  1	+0.076	812
813	255	-0.016	813
814	  1	+0.136	814
815	  0	-0.040	815
816	  0	+0.170	816
817	  1	-0.150	817
818	  0	+0.034	818
819	255	-0.107	819
820	255	+0.059	820
821	  1	+0.063	821
822	  1	+0.154	822
823	  0	-0.012	823
824	  1	+0.093	824
825	  2	+0.092	825
826	  2	+0.120	826
827	  1	+0.022	827
828	254	+0.075	828
829	251	-0.108	829
830	253	+0.058	830
831	  0	-0.004	831
832	  1	+0.057	832
833	  1	+0.061	833
834	  1	-0.197	834
835	  1	+0.075	835
836	  1	+0.077	836
837	255	+0.023	837
838	255	+0.023	838
839	255	+0.195	839
840	  0	-0.014	840
841	254	-0.006	841
842	  1	-0.034	842
843	  2	+0.167	843
844	  0	-0.133	844
845	  1	-0.279	845
846	  2	+0.036	846
847	  0	+0.130	847
848	  0	-0.013	848
849	  3	+0.063	849
850	255	-0.100	850
851	254	+0.138	851
852	  0	+0.209	852
853	255	-0.033	853
854	254	-0.094	854
855	255	+0.033	855
856	255	+0.066	856
857	  0	-0.011	857
858	  3	-0.168	858
859	  3	+0.066	859
860	  1	-0.117	860
861	  1	+0.025	861
862	255	-0.065	862
863	255	-0.079	863
864	  0	-0.109	864
865	253	+0.109	865
866	253	+0.056	866
867	255	+0.024	867
868	  0	+0.074	868
869	  1	+0.166	869
870	  3	-0.166	870
871	  2	+0.034	871
872	255	-0.043	872
873	  0	+0.128	873
874	255	+0.014	874
875	253	-0.151	875
876	254	+0.047	876
877	  0	-0.193	877
878	255	+0.177	878
879	  2	-0.074	879
880	  3	+0.063	880
881	  1	-0.059	881
882	  0	-0.050	882
883	  1	-0.040	883
884	254	-0.169	884
885	252	-0.082	885
886	254	+0.082	886
887	255	+0.083	887
888	254	+0.124	888
889	  0	-0.029	889
890	  0	-0.049	890
891	  0	-0.021	891
892	  2	+0.096	892
893	  2	-0.183	893
894	  0	+0.056	894
895	254	+0.024	895
896	255	+0.118	896
897	255	-0.013	897
898	  1	-0.119	898
899	  1	-0.133	899
900	  2	+0.005	900
901	  0	-0.018	901
902	254	+0.099	902
903	255	-0.139	903
904	  0	+0.130	904
905	255	+0.112	905
906	  0	-0.001	906
907	  2	+0.101	907
908	  0	+0.112	908
909	253	+0.137	909
910	255	+0.111	910
911	255	-0.087	911
912	  0	-0.127	912
913	  3	+0.030	913
914	  1	+0.046	914
915	  0	-0.072	915
916	  1	+0.102	916
917	  0	+0.133	917
918	255	-0.007	918
919	255	-0.007	919
920	255	-0.000	920
921	254	-0.055	921
922	  0	-0.120	922
923	  0	-0.024	923
924	  1	-0.052	924
925	  2	-0.012	925
926	  0	-0.083	926
927	  1	+0.110	927
928	  2	-0.040	928
929	255	-0.036	929
930	255	+0.037	930
931	  0	-0.066	931
932	254	-0.046	932
933	254	+0.036	933
934	  0	+0.132	934
935	  0	-0.073	935
936	  1	+0.075	936
937	  2	+0.227	937
938	  2	-0.291	938
939	  1	+0.086	939
940	  0	+0.003	940
941	254	+0.020	941
942	254	-0.001	942
943	  0	-0.046	943
944	  0	+0.217	944
945	  2	+0.142	945
946	  2	-0.145	946
947	254	+0.124	947
948	  0	-0.108	948
949	  3	-0.069	949
950	  0	-0.164	950
951	255	+0.011	951
952	  0	+0.016	952
953	255	+0.055	953
954	  0	+0.198	954
955	  1	-0.035	955
956	254	-0.118	956
957	  0	+0.059	957
958	  2	+0.076	958
959	255	+0.023	959
960	  0	-0.029	960
961	  2	-0.037	961
962	  0	-0.076	962
963	  0	-0.100	963
964	  2	-0.004	964
965	255	+0.136	965
966	255	-0.089	966
967	  1	+0.081	967
968	  0	+0.107	968
969	  1	-0.118	969
970	  2	-0.011	970
971	  0	-0.007	971
972	  0	-0.012	972
973	  1	+0.022	973
974	254	-0.223	974
975	253	+0.093	975
976	  1	+0.090	976
977	  1	+0.069	977
978	  1	-0.067	978
979	  2	+0.134	979
980	  0	-0.073	980
981	  0	+0.032	981
982	  4	-0.091	982
983	255	-0.045	983
984	254	-0.002	984
985	  0	-0.011	985
986	255	+0.113	986
987	254	-0.137	987
988	  0	+0.141	988
989	255	-0.014	989
990	  1	-0.052	990
991	  3	+0.183	991
992	  1	-0.012	992
993	  1	+0.075	993
994	  1	-0.076	994
995	255	+0.011	995
996	254	+0.095	996
997	253	+0.005	997
998	254	+0.002	998
999	  1	-0.060	999
1000	  2	+0.044	1000
1001	255	-0.138	1001
1002	  1	+0.040	1002
1003	  2	+0.031	1003
1004	254	-0.002	1004
1005	254	+0.040	1005
1006	  0	+0.066	1006
1007	253	+0.056	1007
1008	253	-0.015	1008
1009	  1	+0.017	1009
1010	255	+0.070	1010
1011	  1	-0.063	1011
1012	  3	+0.086	1012
1013	255	+0.069	1013
1014	255	+0.093	1014
1015	  0	-0.050	1015
1016	253	+0.073	1016
1017	254	-0.168	1017
1018	  1	+0.069	1018
1019	255	+0.023	1019
1020	255	-0.045	1020
1021	255	-0.058	1021
1022	255	+0.097	1022
1023	  0	-0.079	1023
1024	  1	+0.000	1024
1025	  0	+0.079	1025
1026	  2	-0.097	1026
1027	  4	+0.058	1027
1028	  0	+0.045	1028
1029	253	-0.023	1029
1030	255	-0.069	1030
1031	254	+0.168	1031
1032	  0	-0.073	1032
1033	  1	+0.050	1033
1034	  0	-0.093	1034
1035	  1	-0.069	1035
1036	  2	-0.086	1036
1037	  1	+0.063	1037
1038	  1	-0.070	1038
1039	  1	-0.017	1039
1040	255	+0.015	1040
1041	  0	-0.056	1041
1042	  0	-0.066	1042
1043	254	-0.040	1043
1044	255	+0.002	1044
1045	  1	-0.031	1045
1046	255	-0.040	1046
1047	  2	+0.138	1047
1048	  2	-0.044	1048
1049	  1	+0.060	1049
1050	  1	-0.002	1050
1051	255	-0.005	1051
1052	253	-0.095	1052
1053	255	-0.011	1053
1054	  0	+0.076	1054
1055	  1	-0.075	1055
1056	  2	+0.012	1056
1057	  2	-0.183	1057
1058	255	+0.052	1058
1059	  0	+0.014	1059
1060	  0	-0.141	1060
1061	255	+0.137	1061
1062	  0	-0.113	1062
1063	  0	+0.011	1063
1064	255	+0.002	1064
1065	  2	+0.045	1065
1066	  2	+0.091	1066
1067	  0	-0.032	1067
1068	  2	+0.073	1068
1069	  1	-0.134	1069
1070	254	+0.067	1070
1071	255	-0.069	1071
1072	  0	-0.090	1072
1073	254	-0.093	1073
1074	255	+0.223	1074
1075	  0	-0.022	1075
1076	254	+0.012	1076
1077	  0	+0.007	1077
1078	  2	+0.011	1078
1079	255	+0.118	1079
1080	  1	-0.107	1080
1081	  1	-0.081	1081
1082	254	+0.089	1082
1083	254	-0.136	1083
1084	  1	+0.004	1084
1085	  0	+0.100	1085
1086	254	+0.076	1086
1087	255	+0.037	1087
1088	  0	+0.029	1088
1089	  0	-0.023	1089
1090	  1	-0.076	1090
1091	  1	-0.059	1091
1092	  1	+0.118	1092
1093	  0	+0.035	1093
1094	255	-0.198	1094
1095	255	-0.055	1095
1096	  1	-0.016	1096
1097	  2	-0.011	1097
1098	  0	+0.164	1098
1099	  0	+0.069	1099
1100	  0	+0.108	1100
1101	255	-0.124	1101
1102	125	+0.145	1102
1103	125	-0.142	1103
1104	125	-0.217	1104
1105	125	+0.046	1105
1106	188	+0.001	1106
1107	142	-0.020	1107
1108	189	-0.003	1108
1109	142	-0.086	1109
1110	190	+0.291	1110
1111	142	-0.227	1111
1112	 34	-0.075	1112
1113	 46	+0.073	1113
1114	183	-0.132	1114
1115	240	-0.036	1115
1116	254	+0.046	1116
1117	 33	+0.066	1117
1118	128	-0.037	1118
1119	138	+0.036	1119
1120	195	+0.040	1120
1121	128	-0.110	1121
1122	186	+0.083	1122
1123	128	+0.012	1123
1124	220	+0.052	1124
1125	128	+0.024	1125
1126	215	+0.120	1126
1127	128	+0.055	1127
1128	201	+0.000	1128
1129	128	+0.007	1129
1130	206	+0.007	1130
1131	128	-0.133	1131
1132	196	-0.102	1132
1133	128	+0.072	1133
1134	207	-0.046	1134
1135	128	-0.030	1135
1136	215	+0.127	1136
1137	128	+0.087	1137
1138	211	-0.111	1138
1139	128	-0.137	1139
1140	220	-0.112	1140
1141	128	-0.101	1141
1142	211	+0.001	1142
1143	128	-0.112	1143
1144	249	-0.130	1144
1145	128	+0.139	1145
1146	243	-0.099	1146
1147	128	+0.018	1147
1148	244	-0.005	1148
1149	128	+0.133	1149
1150	229	+0.119	1150
1151	128	+0.013	1151
1152	237	-0.118	1152
1153	128	-0.024	1153
1154	179	-0.056	1154
1155	128	+0.183	1155
1156	178	-0.096	1156
1157	128	+0.021	1157
1158	220	+0.049	1158
1159	128	+0.029	1159
1160	235	-0.124	1160
1161	128	-0.083	1161
1162	229	-0.082	1162
1163	128	+0.082	1163
1164	242	+0.169	1164
1165	128	+0.040	1165
1166	238	+0.050	1166
1167	128	+0.059	1167
1168	229	-0.063	1168
1169	128	+0.074	1169
1170	236	-0.177	1170
1171	128	+0.193	1171
1172	174	-0.047	1172
1173	128	+0.151	1173
1174	225	-0.014	1174
1175	128	-0.128	1175
1176	240	+0.043	1176
1177	128	-0.034	1177
1178	240	+0.166	1178
1179	128	-0.166	1179
1180	227	-0.074	1180
1181	128	-0.024	1181
1182	239	-0.056	1182
1183	128	-0.109	1183
1184	242	+0.109	1184
1185	128	+0.079	1185
1186	229	+0.065	1186
1187	128	-0.025	1187
1188	174	+0.117	1188
1189	128	-0.066	1189
1190	228	+0.168	1190
1191	128	+0.011	1191
1192	236	-0.066	1192
1193	128	-0.033	1193
1194	236	+0.094	1194
1195	128	+0.033	1195
1196	128	-0.209	1196
1197	128	-0.138	1197
1198	225	+0.100	1198
1199	142	-0.063	1199
1200	 42	+0.013	1200
1201	 46	-0.130	1201
1202	149	-0.036	1202
1203	218	+0.279	1203
1204	101	+0.133	1204
1205	 33	-0.167	1205
1206	128	+0.034	1206
1207	148	+0.006	1207
1208	128	+0.014	1208
1209	128	-0.195	1209
1210	128	-0.023	1210
1211	128	-0.023	1211
1212	128	-0.077	1212
1213	128	-0.075	1213
1214	128	+0.197	1214
1215	128	-0.061	1215
1216	128	-0.057	1216
1217	128	+0.004	1217
1218	128	-0.058	1218
1219	128	+0.108	1219
1220	172	-0.075	1220
1221	128	-0.022	1221
1222	225	-0.120	1222
1223	132	-0.092	1223
1224	 57	-0.093	1224
1225	 42	+0.012	1225
1226	183	-0.154	1226
1227	239	-0.063	1227
1228	109	-0.059	1228
1229	 33	+0.107	1229
1230	128	-0.034	1230
1231	138	+0.150	1231
1232	147	-0.170	1232
1233	128	+0.040	1233
1234	204	-0.136	1234
1235	128	+0.016	1235
1236	245	-0.076	1236
1237	128	-0.071	1237
1238	227	+0.011	1238
1239	128	+0.082	1239
1240	233	+0.018	1240
1241	128	+0.119	1241
1242	228	+0.079	1242
1243	128	-0.065	1243
1244	225	+0.066	1244
1245	128	-0.141	1245
1246	160	+0.150	1246
1247	128	+0.037	1247
1248	211	-0.021	1248
1249	128	+0.102	1249
1250	225	+0.205	1250
1251	128	-0.104	1251
1252	238	+0.018	1252
1253	128	+0.058	1253
1254	243	+0.097	1254
1255	128	-0.083	1255
1256	160	+0.100	1256
1257	128	+0.048	1257
1258	213	+0.107	1258
1259	128	-0.096	1259
1260	238	+0.127	1260
1261	128	+0.016	1261
1262	233	+0.049	1262
1263	128	+0.087	1263
1264	227	+0.167	1264
1265	128	+0.200	1265
1266	239	+0.058	1266
1267	128	-0.000	1267
1268	228	+0.023	1268
1269	128	+0.020	1269
1270	229	-0.100	1270
1271	128	-0.055	1271
1272	128	+0.068	1272
1273	128	+0.106	1273
1274	148	-0.009	1274
1275	128	-0.044	1275
1276	205	+0.016	1276
1277	128	+0.042	1277
1278	233	+0.114	1278
1279	128	+0.062	1279
1280	227	-0.025	1280
1281	128	-0.084	1281
1282	242	-0.029	1282
1283	128	+0.035	1283
1284	239	-0.018	1284
1285	128	+0.095	1285
1286	243	-0.092	1286
1287	128	-0.020	1287
1288	239	-0.014	1288
1289	128	-0.094	1289
1290	230	-0.127	1290
1291	128	-0.067	1291
1292	244	+0.065	1292
1293	128	-0.003	1293
1294	160	+0.196	1294
1295	128	-0.030	1295
1296	211	+0.144	1296
1297	128	-0.184	1297
1298	225	+0.029	1298
1299	128	+0.038	1299
1300	238	+0.053	1300
1301	128	+0.085	1301
1302	243	+0.073	1302
1303	128	-0.053	1303
1304	160	+0.005	1304
1305	128	-0.089	1305
1306	211	-0.091	1306
1307	128	-0.027	1307
1308	229	-0.061	1308
1309	128	+0.038	1309
1310	242	+0.171	1310
1311	128	-0.035	1311
1312	233	+0.061	1312
1313	128	-0.107	1313
1314	230	-0.058	1314
1315	128	+0.237	1315
1316	128	+0.013	1316
1317	128	-0.070	1317
1318	134	-0.108	1318
1319	128	-0.007	1319
1320	212	+0.194	1320
1321	128	+0.137	1321
1322	225	-0.000	1322
1323	128	-0.003	1323
1324	232	-0.008	1324
1325	128	+0.064	1325
1326	239	-0.125	1326
1327	128	+0.071	1327
1328	237	+0.069	1328
1329	128	-0.097	1329
1330	225	+0.112	1330
1331	128	-0.079	1331
1332	128	-0.099	1332
1333	128	-0.049	1333
1334	136	+0.119	1334
1335	128	-0.022	1335
1336	211	+0.068	1336
1337	128	-0.075	1337
1338	229	-0.032	1338
1339	128	-0.127	1339
1340	231	-0.110	1340
1341	128	-0.047	1341
1342	239	-0.099	1342
1343	128	-0.118	1343
1344	229	-0.015	1344
1345	128	+0.040	1345
1346	160	-0.020	1346
1347	128	+0.070	1347
1348	213	+0.037	1348
1349	128	-0.028	1349
1350	201	+0.041	1350
1351	128	+0.134	1351
1352	128	-0.286	1352
1353	128	-0.215	1353
1354	141	+0.083	1354
1355	128	-0.377	1355
1356	211	+0.298	1356
1357	128	+0.479	1357
1358	229	+0.465	1358
1359	128	-0.131	1359
1360	231	-0.062	1360
1361	128	-0.489	1361
1362	239	+0.130	1362
1363	128	-0.036	1363
1364	229	+0.424	1364
1365	128	-0.147	1365
1366	160	+0.443	1366
1367	128	+0.164	1367
1368	213	+0.055	1368
1369	128	+0.128	1369
1370	201	+0.175	1370
1371	128	-0.196	1371
1372	160	+0.012	1372
1373	128	+0.060	1373
1374	194	-0.134	1374
1375	128	+0.160	1375
1376	239	+0.174	1376
1377	128	-0.484	1377
1378	236	-0.102	1378
1379	128	+0.231	1379
1380	228	+0.221	1380
1381	128	-0.312	1381
1382	128	-0.023	1382
1383	128	+0.079	1383
1384	142	+0.229	1384
1385	128	+0.268	1385
1386	211	-0.318	1386
1387	128	+0.511	1387
1388	229	+0.124	1388
1389	128	-0.020	1389
1390	231	+0.036	1390
1391	128	-0.137	1391
1392	239	-0.023	1392
1393	128	+0.198	1393
1394	229	+0.093	1394
1395	128	+0.402	1395
1396	160	-0.214	1396
1397	128	+0.231	1397
1398	213	+0.035	1398
1399	128	+0.200	1399
1400	201	+0.049	1400
1401	128	-0.133	1401
1402	160	-0.259	1402
1403	128	+0.027	1403
1404	204	-0.203	1404
1405	128	-0.092	1405
1406	233	-0.015	1406
1407	128	+0.220	1407
1408	231	-0.041	1408
1409	128	-0.144	1409
1410	232	+0.133	1410
1411	128	+0.119	1411
1412	244	-0.414	1412
1413	128	-0.039	1413
1414	128	+0.060	1414
1415	128	+0.141	1415
1416	146	-0.006	1416
1417	128	-0.111	1417
1418	211	+0.070	1418
1419	128	+0.066	1419
1420	229	-0.095	1420
1421	128	+0.081	1421
1422	231	-0.003	1422
1423	128	-0.229	1423
1424	239	-0.224	1424
1425	128	+0.259	1425
1426	229	+0.048	1426
1427	128	-0.199	1427
1428	160	-0.052	1428
1429	128	+0.278	1429
1430	213	+0.128	1430
1431	128	+0.068	1431
1432	201	+0.181	1432
1433	128	+0.086	1433
1434	160	-0.093	1434
1435	128	+0.041	1435
1436	211	-0.205	1436
1437	128	+0.264	1437
1438	229	-0.141	1438
1439	128	-0.105	1439
1440	237	-0.050	1440
1441	128	+0.067	1441
1442	233	+0.008	1442
1443	128	+0.224	1443
1444	236	-0.282	1444
1445	128	+0.212	1445
1446	233	+0.271	1446
1447	128	-0.106	1447
1448	231	-0.070	1448
1449	128	-0.267	1449
1450	232	-0.002	1450
1451	128	-0.039	1451
1452	244	-0.282	1452
1453	128	-0.136	1453
1454	128	-0.211	1454
1455	128	-0.082	1455
1456	145	-0.042	1456
1457	128	-0.227	1457
1458	211	+0.163	1458
1459	128	+0.149	1459
1460	229	+0.044	1460
1461	128	+0.143	1461
1462	231	+0.128	1462
1463	128	+0.020	1463
1464	239	-0.102	1464
1465	128	-0.108	1465
1466	229	+0.155	1466
1467	128	+0.125	1467
1468	160	+0.014	1468
1469	128	+0.076	1469
1470	213	+0.011	1470
1471	128	+0.054	1471
1472	201	+0.072	1472
1473	128	+0.078	1473
1474	160	-0.076	1474
1475	128	+0.096	1475
1476	211	+0.158	1476
1477	128	+0.087	1477
1478	229	+0.063	1478
1479	128	-0.054	1479
1480	237	+0.117	1480
1481	128	-0.133	1481
1482	233	-0.036	1482
1483	128	-0.010	1483
1484	226	-0.037	1484
1485	128	-0.093	1485
1486	239	-0.106	1486
1487	128	-0.234	1487
1488	236	-0.081	1488
1489	128	-0.124	1489
1490	228	+0.057	1490
1491	128	+0.122	1491
1492	128	+0.028	1492
1493	128	-0.060	1493
1494	134	-0.002	1494
1495	128	-0.144	1495
1496	197	+0.036	1496
1497	128	+0.155	1497
1498	226	-0.008	1498
1499	128	+0.042	1499
1500	242	-0.227	1500
1501	128	+0.160	1501
1502	233	-0.169	1502
1503	128	-0.010	1503
1504	237	-0.110	1504
1505	128	-0.133	1505
1506	225	-0.072	1506
1507	128	+0.078	1507
1508	128	-0.177	1508
1509	128	-0.061	1509
1510	139	+0.114	1510
1511	128	-0.276	1511
1512	197	+0.037	1512
1513	128	-0.053	1513
1514	226	+0.169	1514
1515	128	-0.165	1515
1516	242	-0.048	1516
1517	128	-0.275	1517
1518	233	+0.105	1518
1519	128	-0.106	1519
1520	237	-0.182	1520
1521	128	-0.298	1521
1522	225	+0.058	1522
1523	128	-0.083	1523
1524	160	-0.221	1524
1525	128	-0.065	1525
1526	194	-0.221	1526
1527	128	-0.105	1527
1528	239	-0.037	1528
1529	128	-0.076	1529
1530	236	-0.083	1530
1531	128	-0.078	1531
1532	228	-0.017	1532
1533	128	+0.038	1533
1534	128	-0.124	1534
1535	128	-0.179	1535
1536	134	+0.021	1536
1537	128	-0.104	1537
1538	199	-0.296	1538
1539	128	+0.027	1539
1540	225	-0.032	1540
1541	128	+0.101	1541
1542	228	+0.141	1542
1543	128	-0.239	1543
1544	245	-0.041	1544
1545	128	-0.133	1545
1546	231	-0.090	1546
1547	128	+0.010	1547
1548	233	+0.115	1548
1549	128	-0.191	1549
1550	128	+0.058	1550
1551	128	+0.180	1551
1552	139	+0.002	1552
1553	128	-0.051	1553
1554	199	+0.171	1554
1555	128	-0.196	1555
1556	225	+0.056	1556
1557	128	-0.275	1557
1558	228	-0.061	1558
1559	128	-0.075	1559
1560	245	-0.050	1560
1561	128	-0.171	1561
1562	231	-0.160	1562
1563	128	+0.215	1563
1564	233	-0.101	1564
1565	128	+0.073	1565
1566	160	+0.060	1566
1567	128	-0.061	1567
1568	194	-0.081	1568
1569	128	+0.048	1569
1570	239	+0.268	1570
1571	128	+0.124	1571
1572	236	-0.040	1572
1573	128	-0.066	1573
1574	228	-0.213	1574
1575	128	+0.108	1575
1576	128	+0.080	1576
1577	128	+0.158	1577
1578	136	+0.098	1578
1579	128	-0.180	1579
1580	203	+0.062	1580
1581	128	-0.190	1581
1582	232	-0.107	1582
1583	128	+0.054	1583
1584	237	+0.161	1584
1585	128	-0.194	1585
1586	229	+0.031	1586
1587	128	+0.143	1587
1588	242	-0.090	1588
1589	128	-0.032	1589
1590	160	-0.023	1590
1591	128	-0.167	1591
1592	213	-0.058	1592
1593	128	+0.243	1593
1594	201	-0.099	1594
1595	128	+0.140	1595
1596	128	+0.084	1596
1597	128	+0.002	1597
1598	141	+0.013	1598
1599	128	-0.075	1599
1600	203	+0.242	1600
1601	128	-0.086	1601
1602	232	+0.142	1602
1603	128	+0.059	1603
1604	237	+0.234	1604
1605	128	-0.251	1605
1606	229	+0.098	1606
1607	128	+0.017	1607
1608	242	+0.049	1608
1609	128	-0.029	1609
1610	160	+0.189	1610
1611	128	+0.142	1611
1612	213	+0.261	1612
1613	128	-0.008	1613
1614	201	-0.225	1614
1615	128	-0.120	1615
1616	160	-0.179	1616
1617	128	+0.011	1617
1618	194	+0.009	1618
1619	128	+0.099	1619
1620	239	+0.126	1620
1621	128	-0.099	1621
1622	236	+0.006	1622
1623	128	+0.015	1623
1624	228	+0.095	1624
1625	128	+0.027	1625
1626	128	+0.038	1626
1627	128	+0.235	1627
1628	134	-0.015	1628
1629	128	-0.033	1629
1630	204	+0.117	1630
1631	128	+0.002	1631
1632	225	-0.072	1632
1633	128	-0.259	1633
1634	239	-0.173	1634
1635	128	-0.092	1635
1636	160	+0.033	1636
1637	128	-0.110	1637
1638	213	+0.191	1638
1639	128	-0.025	1639
1640	201	-0.056	1640
1641	128	-0.134	1641
1642	128	+0.055	1642
1643	128	-0.086	1643
1644	139	+0.036	1644
1645	128	+0.052	1645
1646	204	-0.104	1646
1647	128	+0.121	1647
1648	225	+0.072	1648
1649	128	-0.100	1649
1650	239	+0.013	1650
1651	128	-0.129	1651
1652	160	+0.170	1652
1653	128	-0.015	1653
1654	213	-0.008	1654
1655	128	+0.068	1655
1656	201	-0.068	1656
1657	128	+0.140	1657
1658	160	+0.067	1658
1659	128	-0.245	1659
1660	194	+0.079	1660
1661	128	-0.076	1661
1662	239	+0.100	1662
1663	128	+0.069	1663
1664	236	+0.040	1664
1665	128	-0.027	1665
1666	228	-0.015	1666
1667	128	+0.123	1667
1668	128	-0.002	1668
1669	128	-0.045	1669
1670	138	-0.081	1670
1671	128	+0.019	1671
1672	204	+0.164	1672
1673	128	+0.084	1673
1674	229	+0.050	1674
1675	128	-0.030	1675
1676	229	-0.066	1676
1677	128	-0.090	1677
1678	236	+0.031	1678
1679	128	-0.237	1679
1680	225	+0.058	1680
1681	128	-0.139	1681
1682	247	-0.145	1682
1683	128	-0.040	1683
1684	225	-0.077	1684
1685	128	-0.416	1685
1686	228	-0.025	1686
1687	128	-0.141	1687
1688	229	+0.070	1688
1689	128	+0.086	1689
1690	229	-0.128	1690
1691	128	+0.082	1691
1692	128	-0.203	1692
1693	128	-0.157	1693
1694	143	-0.027	1694
1695	128	+0.044	1695
1696	204	-0.055	1696
1697	128	-0.059	1697
1698	229	-0.096	1698
1699	128	-0.113	1699
1700	229	-0.124	1700
1701	128	-0.060	1701
1702	236	+0.099	1702
1703	128	+0.126	1703
1704	225	-0.175	1704
1705	128	-0.015	1705
1706	247	-0.234	1706
1707	128	+0.016	1707
1708	225	-0.027	1708
1709	128	-0.011	1709
1710	228	-0.015	1710
1711	128	-0.075	1711
1712	229	+0.239	1712
1713	128	-0.068	1713
1714	229	-0.051	1714
1715	128	-0.006	1715
1716	160	-0.025	1716
1717	128	-0.082	1717
1718	194	-0.011	1718
1719	128	-0.268	1719
1720	239	-0.210	1720
1721	128	+0.154	1721
1722	236	+0.127	1722
1723	128	+0.144	1723
1724	228	+0.138	1724
1725	128	-0.063	1725
1726	128	+0.267	1726
1727	128	+0.087	1727
1728	141	-0.165	1728
1729	128	+0.207	1729
1730	204	+0.239	1730
1731	128	-0.077	1731
1732	229	+0.083	1732
1733	128	+0.010	1733
1734	229	-0.055	1734
1735	128	-0.059	1735
1736	236	+0.061	1736
1737	128	+0.112	1737
1738	225	-0.129	1738
1739	128	+0.005	1739
1740	247	-0.117	1740
1741	128	-0.211	1741
1742	225	-0.015	1742
1743	128	+0.130	1743
1744	228	-0.124	1744
1745	128	-0.097	1745
1746	229	+0.217	1746
1747	128	+0.029	1747
1748	229	+0.091	1748
1749	128	+0.251	1749
1750	160	+0.009	1750
1751	128	-0.010	1751
1752	213	+0.032	1752
1753	128	-0.101	1753
1754	201	-0.116	1754
1755	128	+0.310	1755
1756	128	+0.102	1756
1757	128	+0.107	1757
1758	146	-0.338	1758
1759	128	+0.165	1759
1760	204	-0.196	1760
1761	128	-0.511	1761
1762	229	-0.001	1762
1763	128	+0.142	1763
1764	229	-0.225	1764
1765	128	+0.059	1765
1766	236	-0.173	1766
1767	128	+0.042	1767
1768	225	-0.006	1768
1769	128	-0.176	1769
1770	247	-0.086	1770
1771	128	-0.023	1771
1772	225	-0.193	1772
1773	128	+0.449	1773
1774	228	-0.050	1774
1775	128	-0.073	1775
1776	229	+0.039	1776
1777	128	-0.028	1777
1778	229	-0.006	1778
1779	128	-0.075	1779
1780	160	+0.322	1780
1781	128	+0.053	1781
1782	213	-0.050	1782
1783	128	-0.291	1783
1784	201	-0.078	1784
1785	128	+0.336	1785
1786	160	-0.074	1786
1787	128	+0.023	1787
1788	194	-0.069	1788
1789	128	+0.040	1789
1790	239	-0.309	1790
1791	128	+0.133	1791
1792	236	-0.615	1792
1793	128	+0.254	1793
1794	228	-0.249	1794
1795	128	+0.195	1795
1796	128	+0.170	1796
1797	128	-0.110	1797
1798	138	-0.068	1798
1799	128	+0.091	1799
1800	206	-0.012	1800
1801	128	-0.025	1801
1802	233	+0.027	1802
1803	128	+0.093	1803
1804	242	-0.047	1804
1805	128	+0.248	1805
1806	237	-0.189	1806
1807	128	-0.249	1807
1808	225	+0.058	1808
1809	128	+0.029	1809
1810	236	+0.037	1810
1811	128	-0.079	1811
1812	225	+0.060	1812
1813	128	+0.067	1813
1814	160	-0.063	1814
1815	128	-0.166	1815
1816	213	+0.140	1816
1817	128	-0.017	1817
1818	201	+0.036	1818
1819	128	+0.049	1819
1820	128	-0.191	1820
1821	128	-0.059	1821
1822	143	+0.008	1822
1823	128	+0.306	1823
1824	206	-0.179	1824
1825	128	+0.330	1825
1826	233	-0.273	1826
1827	128	+0.234	1827
1828	242	-0.011	1828
1829	128	+0.087	1829
1830	237	+0.266	1830
1831	128	-0.213	1831
1832	225	+0.215	1832
1833	128	+0.061	1833
1834	236	-0.069	1834
1835	128	+0.005	1835
1836	225	-0.178	1836
1837	128	-0.183	1837
1838	160	-0.080	1838
1839	128	-0.035	1839
1840	213	-0.107	1840
1841	128	-0.008	1841
1842	201	+0.158	1842
1843	128	+0.042	1843
1844	160	-0.076	1844
1845	128	+0.079	1845
1846	194	-0.084	1846
1847	128	-0.138	1847
1848	239	-0.264	1848
1849	128	-0.088	1849
1850	236	-0.120	1850
1851	128	+0.072	1851
1852	228	-0.276	1852
1853	128	-0.076	1853
1854	128	+0.092	1854
1855	128	-0.196	1855
1856	148	-0.349	1856
1857	128	-0.230	1857
1858	206	-0.371	1858
1859	128	-0.821	1859
1860	233	-0.073	1860
1861	128	+0.011	1861
1862	242	+1.000	1862
1863	128	+0.776	1863
1864	237	-0.420	1864
1865	128	+0.574	1865
1866	225	+0.187	1866
1867	128	+0.426	1867
1868	236	+0.099	1868
1869	128	+0.335	1869
1870	225	-0.181	1870
1871	128	+0.046	1871
1872	160	+0.184	1872
1873	128	-0.349	1873
1874	213	+0.035	1874
1875	128	+0.110	1875
1876	201	+0.166	1876
1877	128	-0.044	1877
1878	160	-0.128	1878
1879	128	+0.427	1879
1880	211	-0.013	1880
1881	128	+0.091	1881
1882	229	-0.009	1882
1883	128	-0.111	1883
1884	237	-0.433	1884
1885	128	-0.092	1885
1886	233	+0.401	1886
1887	128	+0.407	1887
1888	236	-0.276	1888
1889	128	-0.167	1889
1890	233	-0.120	1890
1891	128	+0.411	1891
1892	231	-0.118	1892
1893	128	-0.162	1893
1894	232	+0.244	1894
1895	128	+0.044	1895
1896	244	+0.052	1896
1897	128	+0.035	1897
1898	128	-0.037	1898
1899	128	-0.421	1899
1900	135	+0.058	1900
1901	128	+0.235	1901
1902	205	-0.149	1902
1903	128	-0.219	1903
1904	233	+0.045	1904
1905	128	-0.182	1905
1906	238	+0.127	1906
1907	128	+0.108	1907
1908	231	+0.093	1908
1909	128	-0.018	1909
1910	204	+0.000	1910
1911	128	-0.132	1911
1912	233	-0.175	1912
1913	128	+0.079	1913
1914	213	+0.093	1914
1915	128	-0.349	1915
1916	128	-0.098	1916
1917	128	+0.017	1917
1918	136	+0.081	1918
1919	128	+0.182	1919
1920	208	+0.230	1920
1921	128	-0.190	1921
1922	205	+0.091	1922
1923	128	+0.131	1923
1924	233	-0.065	1924
1925	128	+0.150	1925
1926	238	-0.241	1926
1927	128	+0.172	1927
1928	231	-0.161	1928
1929	128	-0.190	1929
1930	204	+0.134	1930
1931	128	+0.016	1931
1932	233	-0.045	1932
1933	128	+0.158	1933
1934	213	+0.010	1934
1935	128	+0.005	1935
1936	128	-0.005	1936
1937	128	+0.125	1937
1938	141	-0.170	1938
1939	128	-0.239	1939
1940	205	+0.013	1940
1941	128	+0.077	1941
1942	233	+0.019	1942
1943	128	-0.098	1943
1944	238	-0.160	1944
1945	128	-0.099	1945
1946	231	+0.120	1946
1947	128	+0.055	1947
1948	204	-0.065	1948
1949	128	-0.057	1949
1950	233	+0.004	1950
1951	128	+0.143	1951
1952	213	+0.109	1952
1953	128	-0.030	1953
1954	223	-0.019	1954
1955	128	+0.063	1955
1956	200	-0.021	1956
1957	128	-0.027	1957
1958	203	+0.002	1958
1959	128	-0.033	1959
1960	211	-0.009	1960
1961	128	+0.170	1961
1962	195	+0.040	1962
1963	128	-0.042	1963
1964	211	+0.076	1964
1965	128	-0.048	1965
1966	128	+0.124	1966
1967	128	+0.078	1967
1968	140	+0.118	1968
1969	128	-0.025	1969
1970	205	-0.139	1970
1971	128	+0.026	1971
1972	233	-0.067	1972
1973	128	+0.091	1973
1974	238	+0.008	1974
1975	128	+0.140	1975
1976	231	-0.021	1976
1977	128	+0.037	1977
1978	204	-0.113	1978
1979	128	+0.114	1979
1980	233	-0.085	1980
1981	128	+0.035	1981
1982	213	-0.334	1982
1983	128	+0.094	1983
1984	173	-0.102	1984
1985	128	+0.035	1985
1986	197	-0.150	1986
1987	128	+0.065	1987
1988	248	-0.008	1988
1989	128	+0.101	1989
1990	244	+0.215	1990
1991	128	+0.247	1991
1992	194	-0.196	1992
1993	128	-0.037	1993
1994	128	+0.139	1994
1995	128	+0.028	1995
1996	141	+0.139	1996
1997	128	+0.054	1997
1998	208	-0.042	1998
1999	128	-0.153	1999
2000	205	+0.029	2000
2001	128	+0.112	2001
2002	233	+0.008	2002
2003	128	+0.118	2003
2004	238	+0.068	2004
2005	128	-0.128	2005
2006	231	-0.140	2006
2007	128	+0.023	2007
2008	204	-0.206	2008
2009	128	+0.143	2009
2010	233	+0.043	2010
2011	128	+0.128	2011
2012	213	-0.100	2012
2013	128	+0.100	2013
2014	173	-0.009	2014
2015	128	+0.052	2015
2016	197	-0.033	2016
2017	128	+0.074	2017
2018	248	-0.198	2018
2019	128	+0.022	2019
2020	244	-0.302	2020
2021	128	+0.198	2021
2022	194	+0.180	2022
2023	128	+0.047	2023
2024	128	-0.038	2024
2025	128	-0.033	2025
2026	146	-0.202	2026
2027	128	+0.100	2027
2028	205	-0.082	2028
2029	128	+0.070	2029
2030	233	-0.089	2030
2031	128	+0.221	2031
2032	238	-0.176	2032
2033	128	+0.077	2033
2034	231	+0.008	2034
2035	128	-0.016	2035
2036	204	-0.049	2036
2037	128	+0.142	2037
2038	233	+0.112	2038
2039	128	-0.097	2039
2040	213	-0.069	2040
2041	128	-0.091	2041
2042	223	-0.137	2042
2043	128	-0.060	2043
2044	200	+0.079	2044
2045	128	-0.255	2045
2046	203	+0.061	2046
2047	128	-0.913	2047
